13101 0
13121 0
13131 0
13132 0
13133 0
13161 1
13182 0
13191 1
13192 1
13196 1
13197 1
13198 0
13199 1
131910 1
131912 0
13201 0
13211 1
13212 0
13241 0
13253 1
13281 0
13283 1
13291 0
13292 0
13304 0
13305 0
13306 0
13307 0
13308 0
13309 0
133010 1
133011 0
133012 0
133013 0
133014 0
133015 0
133016 0
133024 0
133025 1
13311 0
13321 1
13351 0
13362 0
13372 0
13373 0
13381 0
13382 1
13383 0
13391 0
13392 0
13421 1
13422 0
13423 0
13431 1
13433 0
13442 0
13443 0
13451 0
13461 0
13481 0
13482 1
13484 1
13491 0
13501 0
13533 0
13534 0
13535 0
13536 0
13537 1
13538 1
13539 0
135310 1
13562 0
13572 1
13585 0
13586 0
135813 1
13596 0
13612 0
13618 0
136110 0
136115 0
13633 1
13662 1
13681 1
13691 0
13692 0
13701 0
13711 0
13721 1
13731 0
13741 0
13742 0
13751 1
13752 1
13753 0
13762 0
13763 0
13764 0
13765 0
138014 0
138015 0
138016 0
138017 1
13811 0
13812 0
13813 0
13814 0
13821 0
13822 0
13831 0
13832 1
13835 0
13836 1
13837 1
13838 0
13839 0
138310 1
13862 1
13911 1
13951 1
13953 1
13954 1
13981 0
13991 1
14041 0
14042 0
14044 1
14045 0
14046 0
14047 0
14048 0
14049 1
140410 0
140411 0
140412 0
140413 0
140414 0
140415 0
14051 0
14061 0
14071 0
14072 0
14074 1
14081 0
14082 0
14091 0
14092 0
14093 0
14094 1
14111 1
14131 0
14141 1
14181 0
14192 1
14193 1
14211 1
14213 1
14221 1
14241 0
14242 0
14251 0
14252 0
14261 0
14262 0
14263 0
14282 0
14291 0
14292 0
14293 0
14294 0
14295 0
14297 1
14298 0
14299 0
14301 1
14311 1
14312 0
14321 0
14331 1
14341 0
14351 0
14352 0
14353 0
14354 0
14371 0
14372 0
14381 1
14382 0
14401 0
14402 1
14404 0
144015 0
144016 0
14433 0
14434 1
14435 0
14436 1
14437 0
14438 0
14439 0
144310 1
14442 1
14443 0
14451 0
14461 1
14462 0
14463 1
14481 0
14491 1
14492 0
14493 0
14494 0
14495 0
14496 0
14497 0
144910 0
144917 0
14512 0
14523 0
14541 1
14551 0
14564 0
14591 0
14606 0
14642 0
14643 0
14651 0
14652 1
14663 0
14671 1
14691 1
14701 1
14702 0
14711 0
14722 1
14731 0
14763 0
14771 1
14772 0
14792 0
14795 0
14796 1
14797 1
14812 0
14814 1
14853 0
148510 0
148512 0
14887 1
14901 0
14911 0
14921 0
14922 0
14923 1
14924 1
14987 1
14991 0
15008 0
15009 0
15041 1
15076 1
15091 1
15126 1
15128 1
15143 1
151411 1
151416 0
15152 0
15156 1
15158 1
151510 0
15193 1
15195 1
15196 1
15202 0
15203 0
15204 0
15205 0
15211 0
15213 0
15221 0
15231 0
15232 0
15233 0
15234 0
15235 0
15241 0
15252 1
15301 0
15332 0
15333 0
15334 1
15361 1
15362 0
15363 0
15364 0
15371 0
15381 1
15382 0
15383 1
15384 0
15385 0
15386 1
15388 0
15389 0
153810 0
153811 0
153812 0
153813 0
153814 0
153816 1
153817 0
153818 0
15391 0
15421 1
15422 1
15423 0
15431 0
15432 0
15441 0
15442 0
15443 1
15451 1
15455 1
15456 0
15481 0
15482 0
15492 1
15496 0
154914 1
154915 1
15521 1
15522 1
15541 1
15551 0
15554 0
15561 0
15585 1
15587 1
15588 1
15589 0
155813 0
155815 0
15591 0
15592 0
15601 0
15602 0
15603 0
15621 0
15631 0
15632 0
15641 1
15642 0
15661 0
15671 0
15672 0
15673 0
15674 0
15675 0
15714 1
15721 0
15731 0
15732 1
15733 0
15734 0
15735 0
15736 0
15741 0
15751 0
15771 1
15772 0
15773 0
15781 1
15782 0
15791 0
15801 0
15803 0
15804 1
15805 0
15806 0
15808 1
15812 1
15821 1
15853 1
15892 0
15893 1
15894 0
15895 1
15896 0
15897 0
15898 0
15899 0
158910 0
158911 1
158912 0
158913 0
15901 0
15902 0
15903 1
15904 0
15911 0
15912 1
15921 0
15922 1
15941 0
15951 0
15963 0
15992 0
16004 0
160012 0
160013 0
16021 0
16031 0
16032 1
16033 0
16034 0
16035 1
16036 1
16037 0
16038 0
16039 0
160310 0
160311 0
160312 0
160313 0
16041 0
16051 0
16052 1
16053 1
16061 1
16062 0
16063 0
16071 1
16072 0
16073 0
16075 0
16076 0
16077 1
16079 0
160710 0
160711 1
160712 1
160713 0
160714 1
160716 0
160717 1
160718 0
160719 0
160721 0
160722 1
160723 0
160724 0
160725 0
16081 1
16082 0
16091 0
16092 0
16101 1
16111 0
16112 0
16113 0
16114 1
16115 0
16116 0
16121 0
16131 0
16133 0
16134 0
16151 0
16152 0
16191 0
16192 0
16193 1
16194 0
16195 0
16196 0
16197 0
16198 0
16199 0
16201 0
16221 0
16222 0
16223 0
16241 1
16242 0
16251 0
16252 1
16254 1
16255 0
16256 0
16257 1
16258 0
16259 1
162510 0
162511 0
162512 1
162513 0
162514 0
162515 1
162516 1
162517 1
162518 1
162519 0
162520 1
162521 1
16261 0
16271 0
16272 1
16273 1
16274 0
16275 1
16276 0
16277 0
16278 0
16279 1
162710 0
162711 0
162712 0
162713 0
162714 0
162715 0
162716 0
162717 0
162718 1
16281 1
16291 0
16301 0
16311 0
16321 0
16322 0
16331 0
16332 0
16333 0
16334 0
16335 0
16336 0
16337 0
16341 1
16342 1
16344 0
16345 0
16347 0
16348 1
16349 0
163410 0
163411 0
163412 1
163413 0
163414 0
163415 1
163416 0
16351 1
16352 0
16353 1
16354 0
16355 1
16356 1
16357 0
16359 0
163510 0
163512 1
16371 0
16381 1
16391 0
16401 0
16402 0
16403 0
16411 0
16421 0
16442 0
16451 0
16452 0
16453 1
16454 0
16455 0
16457 0
16461 1
16471 1
16502 0
16521 1
16531 1
16532 0
16541 0
16571 1
16581 0
16582 0
16583 0
16587 1
16588 0
16591 1
16601 0
